Alabama                               1,065 569 53.43 95 8.88 475 44.55 686 64.38 379 35.62
Alaska                                  149 114 76.56 15 9.84 99 66.00 127 85.04 22 14.96
Arizona                               2,169 1,332 61.40 170 7.85 1,154 53.21 1,553 71.60 616 28.40
Arkansas                              616 318 51.59 40 6.44 268 43.48 381 61.91 235 38.09
California                              12,358 8,153 65.97 1,061 8.58 7,061 57.14 9,100 73.63 3,258 26.37
Colorado                               1,766 1,201 68.00 175 9.93 1,020 57.79 1,378 78.02 388 21.98
Connecticut                          1,242 810 65.26 71 5.74 736 59.32 896 72.17 346 27.83
Delaware                              263 173 65.75 31 11.78 141 53.50 194 73.79 69 26.21
Washington, DC                   276 163 58.94 18 6.64 144 51.97 207 74.70 70 25.30
Florida                               7,008 4,541 64.80 721 10.28 3,776 53.88 4,914 70.11 2,095 29.89
Georgia                                2,720 1,707 62.74 176 6.47 1,527 56.15 1,983 72.89 738 27.11
Hawaii                                  395 253 64.22 23 5.73 228 57.71 285 72.19 110 27.81
Idaho                                    384 225 58.43 46 12.06 177 46.09 267 69.45 117 30.55
Illinois                               4,470 2,808 62.82 395 8.84 2,395 53.59 3,276 73.29 1,194 26.71
Indiana                                 1,836 1,007 54.82 181 9.88 825 44.94 1,211 65.98 625 34.02
Iowa                                      790 500 63.30 104 13.21 395 49.95 581 73.48 210 26.52
Kansas                                 836 547 65.37 37 4.38 509 60.82 647 77.40 189 22.60
Kentucky                              985 579 58.80 98 9.95 474 48.13 702 71.30 283 28.70
Louisiana                              1,174 653 55.61 86 7.32 567 48.29 759 64.71 414 35.29
Maine                                   218 137 63.11 20 9.10 117 53.80 163 74.89 55 25.11
Maryland                              1,917 1,276 66.58 169 8.81 1,101 57.42 1,485 77.47 432 22.53
Massachusetts                     2,376 1,554 65.42 118 4.97 1,433 60.33 1,717 72.27 659 27.73
Michigan                               3,004 1,728 57.51 251 8.36 1,471 48.95 2,084 69.38 920 30.62
Minnesota                             1,607 1,079 67.15 172 10.72 903 56.21 1,265 78.75 341 21.25
Mississippi                            473 240 50.87 29 6.23 211 44.64 304 64.27 169 35.73
Missouri                                1,765 1,030 58.36 122 6.93 902 51.12 1,227 69.51 538 30.49
Montana                               236 133 56.23 27 11.53 105 44.70 164 69.65 72 30.35
Nebraska                              534 351 65.80 41 7.63 310 58.03 403 75.44 131 24.56
Nevada                                 957 624 65.18 97 10.16 523 54.62 701 73.27 256 26.73
New Hampshire                    327 240 73.41 17 5.20 223 68.21 256 78.27 71 21.73
New Jersey                          3,112 2,115 67.97 343 11.01 1,773 56.96 2,296 73.79 816 26.21
New Mexico                          612 357 58.35 72 11.81 283 46.31 425 69.41 187 30.59
New York                              6,521 3,961 60.74 376 5.77 3,579 54.89 4,357 66.81 2,164 33.19
North Carolina                      2,170 1,308 60.27 169 7.81 1,130 52.09 1,542 71.05 628 28.95
North Dakota                        164 103 62.78 13 7.63 90 54.93 125 75.92 40 24.08
Ohio                                     3,573 2,141 59.93 267 7.46 1,859 52.03 2,540 71.10 1,033 28.90
Oklahoma                             956 534 55.91 103 10.83 429 44.86 626 65.51 330 34.49
Oregon                                 1,164 812 69.74 102 8.75 710 60.99 899 77.22 265 22.78
Pennsylvania                        3,867 2,311 59.76 365 9.44 1,943 50.24 2,691 69.60 1,176 30.40
Rhode Island                        386 249 64.46 23 5.94 225 58.23 275 71.32 111 28.68
South Carolina                     1,114 620 55.61 136 12.25 479 43.01 740 66.42 374 33.58
South Dakota                       176 113 64.36 12 6.71 101 57.65 133 75.48 43 24.52
Tennessee                           1,703 970 56.93 145 8.53 824 48.40 1,207 70.86 496 29.14
Texas                               7,472 4,308 57.66 596 7.97 3,705 49.59 5,108 68.36 2,364 31.64
Utah                                      742 511 68.82 61 8.28 448 60.33 610 82.20 132 17.80
Vermont                                107 73 68.28 12 11.22 58 54.65 82 76.83 25 23.17
Virginia                               2,262 1,611 71.23 227 10.03 1,385 61.20 1,767 78.10 495 21.90
Washington                          2,266 1,599 70.58 231 10.21 1,352 59.68 1,835 81.00 431 19.00
West Virginia                        334 169 50.65 32 9.70 136 40.61 202 60.29 133 39.71
Wisconsin                            1,705 1,087 63.76 156 9.16 928 54.45 1,275 74.78 430 25.22
Wyoming                              124 77 62.48 11 9.12 66 53.36 95 76.47 29 23.53
